funny,posted,last_edited,item_id,helpful,recommend,review
,"Posted July 7, 2014.",,221100,No ratings yet,True,GET THIS GAME it is an ultimate zombie survival apocolips !!!
